90561 16800
65000 61600
93834 104000
21781 160200
19586 79800
18134 0
69728 52200
22510 13700
83904 196000
59801 563200
33534 81600
54115 16900
31231 128800
80884 13500
90558 22400
55328 0
87398 68400
66343 141000
44774 97800
71812 22700
41384 210400
44777 15500
42357 212800
41386 0
54361 156800
53390 0
22887 72000
55574 31200
96094 18100
56788 102600
33764 105000
29279 70400
68881 23300
90309 20000
88594 169200
45731 25900
88380 19200
42220 0
66477 12100
67446 65600
76160 19500
34964 36800
82966 58400
29487 68000
81752 0
31451 20900
34846 91800
46812 139800
15095 88000
23717 10600
93601 150600
44878 21700
21415 111000
76032 12000
60822 249100
54143 103200
56569 70400
19339 27300
69990 60000
65151 48000
68434 174400
17487 119400
91330 25200
90127 10000
44627 15100
61923 96600
59966 29700
82501 0
57428 57600
87182 13100
39022 13300
71612 60000
90356 80000
39267 87600
19310 25900
80427 87600
76050 79200
82727 28800
44978 68800
56227 28100
98196 18800
10988 16000
10507 126000
12928 26000
82851 48000
54168 192000
73907 14500
33724 0
15284 10400
42423 168800
39499 125400
29207 28700
41456 24600
55384 126400
93891 0
78384 64800
77296 116000
29682 13100
57449 15800
79359 17800
10950 167400
95826 10000
73916 98400
16264 0
90011 219200
17355 17800
87083 147600
92673 161600
90136 171600
90017 0
68468 18800
11808 196000
53090 0
82629 144800
10843 11600
12905 54400
60981 10000
57698 36000
33826 156800
30798 18500
10962 12000
63220 17200
47897 79800
75202 102000
26955 40000
97353 188800
72172 168800
12438 147000
35678 43200
53663 48800
77877 38400
10495 72000
61287 95400
37973 127200
52699 18900
11105 53400
48979 216000
59091 43800
48855 15200
75338 231200
64569 0
98791 113400
34335 20000
33366 18000
77863 147200
33003 48000
54400 95400
85243 0
10388 22000
13779 0
13656 24200
66750 64000
47997 134400
49812 15400
46422 22200
65422 145200
46543 13400
65543 21900
47751 0
24510 43200
22213 19000
25964 107400
99795 0
22336 60000
54530 233300
31058 28200
50050 87000
33238 89600
78743 13500
52112 27400
90734 60000
78747 76000
43023 76800
43266 20900
21252 64000
68826 23400
97489 91800
74143 100000
23434 72000
33347 0
32014 82400
35523 132800
77884 124000
55875 29000
54785 14000
90844 96000
55517 102000
88414 29900
92905 181600
66772 127200
20137 15700
91970 43200
21105 10200
75008 174000
41078 48000
66775 81600
21582 21800
25820 78400
98489 84000
46529 70400
77670 20700
12515 14100
34662 10900
76469 48000
86387 45600
91608 64000
12995 28200
63031 177000
23530 111600
96179 11900
18184 106200
53590 26200
21119 23400
66309 164400
79963 70400
24980 217600
86017 19200
15918 20500
54208 222400
86379 0
88798 37200
87586 149400
11674 70400
85165 24000
43476 20400
66550 14700
40085 0
42027 18000
66676 21400
67529 123200
57843 162400
34645 52800
97052 74400
80744 47400
77577 16600
13949 72000
53486 132800
11401 16800
56516 16500
87011 114400
21210 27700
20000 20900
67657 16000
18167 140800
90775 68400
65118 260600
98137 11200
42017 27700
73098 11600
46616 81600
55311 56000
58947 165000
35968 48000
97519 0
53817 0
48105 23600
61685 21000
97993 0
94360 16300
36122 161400
61324 91800
58151 150600
84449 64000
57189 64000
24131 239200
22075 0
47376 0
86861 225600
47371 72000
39637 39200
76707 64000
50317 123200
75738 14200
69059 27100
73799 212000
29714 0
61579 26500
25359 0
84317 14800
18949 20500
14348 0
53715 0
15558 97200
63761 70400
75622 26700
96321 25200
74410 35400
73683 10000
86409 238400
58059 57600
85799 174400
84103 33600
82049 48000
84226 214400
38522 18000
49774 35200
86885 181600
49650 70400
60493 12100
73457 19100
49645 0
61596 26600
63774 204000
63654 222400
24487 233600
96552 28800
40830 61600
65718 43200
26308 218400
53972 144000
51673 18900
83360 15400
45156 28200
37891 18300
49755 185600
48665 48000
98769 72000
26753 23100
26878 72000
29904 0
23008 10000
51683 101600
76500 15100
45394 16000
37411 46200
61002 640000
83397 11100
16830 48000
69089 131400
11149 113400
12479 27800
95126 37600
62464 144800
25677 103800
25314 0
26766 31200
85448 70800
27972 60000
23010 48000
18903 193600
53875 23200
21073 60000
50005 70400
95158 17500
45255 72000
96368 10900
65864 24900
72278 20200
24431 12000
35330 126400
33032 214200
26853 49600
94067 28600
71181 26400
51465 89600
38722 14700
44038 16000
64661 47400
64784 16000
97446 0
63332 0
74346 29700
93085 36000
75797 20200
99986 151800
73011 70400
27836 60000
34233 130200
50266 27900
23231 10000
84496 0
55715 20900
52447 0
15974 154400
12345 107200
79906 12300
15737 60000
43181 117600
40461 18900
40585 17800
33929 96000
56492 10000
21824 238400
93671 96000
60989 25100
59646 26000
26395 122400
10934 14400
56255 11100
31996 21600
49395 28400
91002 212000
66069 97800
92210 15200
44931 21700
93666 120600
41668 18000
76092 140000
29437 171200
44938 19700
62945 25300
61735 162400
90151 28500
20743 0
30893 48000
82776 12000
29556 13900
59411 144000
17219 137400
95959 48000
95718 96000
19516 28800
68361 21900
30777 19500
93456 13700
41770 12700
41894 11200
70573 0
97812 67200
81116 12700
28430 28100
68371 24200
69341 124800
72401 31800
39200 102400
61870 44400
89060 28200
69117 94800
73850 204000
57251 70400
42616 32400
79263 15500
29892 47400
28686 17600
80018 147200
60544 96000
81463 72800
79028 21300
21929 100800
81223 11200
18529 216800
38358 22700
48154 29900
48271 12300
96867 16100
71567 36800
74835 131200
42848 72000
63943 132800
91293 176400
42603 288000
27329 187200
50751 72000
47057 96000
60792 213600
30504 111600
48143 97200
67060 0
68396 150600
30863 10000
18736 96000
37480 1153600
38696 0
97701 21000
71212 20900
95645 0
42837 22600
90193 154200
93340 134400
34093 12000
58481 118200
83426 109200
84515 0
60444 0
67071 0
51977 11000
72311 149600
74853 384000
94228 96000
62874 70400
73760 130800
59222 24900
79197 27400
40406 48000
62636 36800
86719 17300
26690 45000
64927 10000
24151 16100
25360 94400
29963 15600
58014 374400
58259 130800
18836 0
52953 52800
80181 14700
48240 60000
46063 133200
74609 178400
97969 0
36372 126400
18842 51600
38792 72000
38551 15400
39761 142400
97723 150400
47026 63000
31918 70400
34197 27300
62766 70400
58029 0
51751 69600
14248 166400
85862 104800
51755 148800
38317 78000
16549 0
81381 17900
52604 240000
